dataset	trained on	epoch	model	input dim	hidden dim	embedding dim	dropout	learning rate	window sizes	num filters	max feats	output dim	accuracy	precision	recall	f1-score	train loss	dev accuracy	dev precision	dev recall	dev f1-score	dev loss
Davidson et al.	Davidson et al.	0	mlp	19149	128	300	0.2	0.2	[2, 3, 4]	128	100	2	0.6809153225806452	0.7736876679663612	0.7640315696894158	0.7297199207169233	75428.66245943308	0.8232445520581114	0.9975550122249389	0.8249090173877881	0.9030544488711819	367.46447685437323
Davidson et al.	Davidson et al.	1	mlp	19149	128	300	0.2	0.2	[2, 3, 4]	128	100	2	0.724241935483871	0.8392385782358095	0.8025562460139333	0.7893043750495212	129826.49537277222	0.585956416464891	0.6122249388753056	0.8430976430976431	0.7093484419263456	175.38258205316006
Davidson et al.	Davidson et al.	2	mlp	19149	128	300	0.2	0.2	[2, 3, 4]	128	100	2	0.7304536290322581	0.8431124296107073	0.8020974058268491	0.7961343041698393	134885.729221344	0.8252623083131557	1.0	0.8252623083131557	0.904267079372098	872.7038329686874
Davidson et al.	Davidson et al.	3	mlp	19149	128	300	0.2	0.2	[2, 3, 4]	128	100	2	0.7126471774193548	0.8199032293210977	0.6981653420696424	0.7484632857165692	258596.8411502838	0.8252623083131557	1.0	0.8252623083131557	0.904267079372098	1505.4805446526943
Davidson et al.	Davidson et al.	4	mlp	19149	128	300	0.2	0.2	[2, 3, 4]	128	100	2	0.6890504032258065	0.7797143295482314	0.6680291057795242	0.7132650201173573	279815.08111953735	0.8252623083131557	1.0	0.8252623083131557	0.904267079372098	1581.1367711776343
Davidson et al.	Davidson et al.	5	mlp	19149	128	300	0.2	0.2	[2, 3, 4]	128	100	2	0.6588084677419355	0.7405509175675957	0.6349506096521346	0.6767511434030861	297473.96673202515	0.8252623083131557	1.0	0.8252623083131557	0.904267079372098	1016.9169546274038
Davidson et al.	Davidson et al.	6	mlp	19149	128	300	0.2	0.2	[2, 3, 4]	128	100	2	0.662070564516129	0.739749206638296	0.6303172127225983	0.6763607697047537	232247.84505462646	0.8252623083131557	1.0	0.8252623083131557	0.904267079372098	1000.2589964255309
Davidson et al.	Davidson et al.	7	mlp	19149	128	300	0.2	0.2	[2, 3, 4]	128	100	2	0.6527600806451613	0.7263419923128831	0.622517702723119	0.6641804995292093	231117.30709648132	0.8252623083131557	1.0	0.8252623083131557	0.904267079372098	738.4212656265651
Davidson et al.	Davidson et al.	8	mlp	19149	128	300	0.2	0.2	[2, 3, 4]	128	100	2	0.6582399193548387	0.7427723148534042	0.6333770096962889	0.6781262987023429	193437.5460357666	0.8252623083131557	1.0	0.8252623083131557	0.904267079372098	1033.9702899639424
Davidson et al.	Davidson et al.	9	mlp	19149	128	300	0.2	0.2	[2, 3, 4]	128	100	2	0.6509233870967742	0.7229030876207504	0.620666295152279	0.6619357251796989	230105.3961467743	0.8252623083131557	1.0	0.8252623083131557	0.904267079372098	567.1624163114108
Davidson et al.	Davidson et al.	10	mlp	19149	128	300	0.2	0.2	[2, 3, 4]	128	100	2	0.6726471774193549	0.7566604205270064	0.652978373180177	0.6924865276361308	169823.81536960602	0.8252623083131557	1.0	0.8252623083131557	0.904267079372098	1096.3690819373498
Davidson et al.	Davidson et al.	11	mlp	19149	128	300	0.2	0.2	[2, 3, 4]	128	100	2	0.6482016129032258	0.7208589391215693	0.617523852089868	0.6584364711252132	242209.56790542603	0.8252623083131557	1.0	0.8252623083131557	0.904267079372098	758.1134647467197
Davidson et al.	Davidson et al.	12	mlp	19149	128	300	0.2	0.2	[2, 3, 4]	128	100	2	0.6586209677419356	0.7366882119738647	0.6352810145415678	0.6736318078808027	184589.72084712982	0.8252623083131557	1.0	0.8252623083131557	0.904267079372098	824.0974473219651
Davidson et al.	Davidson et al.	13	mlp	19149	128	300	0.2	0.2	[2, 3, 4]	128	100	2	0.6595282258064517	0.7386885059398197	0.6425151555858423	0.67712803938315	191159.86952018738	0.8252623083131557	1.0	0.8252623083131557	0.904267079372098	828.5047525259165
Davidson et al.	Davidson et al.	14	mlp	19149	128	300	0.2	0.2	[2, 3, 4]	128	100	2	0.6559153225806452	0.7302672531666827	0.6287950599489702	0.6683545682403481	193914.2457060814	0.8252623083131557	1.0	0.8252623083131557	0.904267079372098	736.858650011894
Davidson et al.	Davidson et al.	15	mlp	19149	128	300	0.2	0.2	[2, 3, 4]	128	100	2	0.6690120967741936	0.7509669060031962	0.649800844020025	0.6883001732499818	178202.4935245514	0.8252623083131557	1.0	0.8252623083131557	0.904267079372098	771.534922281901
Davidson et al.	Davidson et al.	16	mlp	19149	128	300	0.2	0.2	[2, 3, 4]	128	100	2	0.6538548387096774	0.7301822404436868	0.6269583202882419	0.6682189811157744	199311.04608917236	0.8252623083131557	1.0	0.8252623083131557	0.904267079372098	918.6727052346254
Davidson et al.	Davidson et al.	17	mlp	19149	128	300	0.2	0.2	[2, 3, 4]	128	100	2	0.6420241935483871	0.7090510912531701	0.6103413708085155	0.6490152270966304	220348.10459136963	0.8252623083131557	1.0	0.8252623083131557	0.904267079372098	498.46073639698517
Davidson et al.	Davidson et al.	18	mlp	19149	128	300	0.2	0.2	[2, 3, 4]	128	100	2	0.6722499999999999	0.7572748237363152	0.6553204794288758	0.6934973694910102	157483.03192138672	0.8252623083131557	1.0	0.8252623083131557	0.904267079372098	1026.4036673521384
Davidson et al.	Davidson et al.	19	mlp	19149	128	300	0.2	0.2	[2, 3, 4]	128	100	2	0.6400665322580645	0.7101604763985755	0.6027104093066803	0.6480553392135715	247821.441947937	0.8252623083131557	1.0	0.8252623083131557	0.904267079372098	501.3706573095077
Davidson et al.	Davidson et al.	20	mlp	19149	128	300	0.2	0.2	[2, 3, 4]	128	100	2	0.6750604838709677	0.7625751922178516	0.6551607539861967	0.6976769181055523	154910.017911911	0.8252623083131557	1.0	0.8252623083131557	0.904267079372098	990.9442033034104
Davidson et al.	Davidson et al.	21	mlp	19149	128	300	0.2	0.2	[2, 3, 4]	128	100	2	0.658304435483871	0.740853555873679	0.6346574732983083	0.6756283690934369	215000.4404449463	0.8252623083131557	1.0	0.8252623083131557	0.904267079372098	611.7867794525929
Davidson et al.	Davidson et al.	22	mlp	19149	128	300	0.2	0.2	[2, 3, 4]	128	100	2	0.6675362903225807	0.7534347126007972	0.649301433153301	0.6893079748544825	173030.25036239624	0.8252623083131557	1.0	0.8252623083131557	0.904267079372098	1040.3382763984876
Davidson et al.	Davidson et al.	23	mlp	19149	128	300	0.2	0.2	[2, 3, 4]	128	100	2	0.6381794354838709	0.7046119344683281	0.6038943992923936	0.6436848361864033	239178.92915153503	0.8252623083131557	1.0	0.8252623083131557	0.904267079372098	470.5864068055764
Davidson et al.	Davidson et al.	24	mlp	19149	128	300	0.2	0.2	[2, 3, 4]	128	100	2	0.6787822580645162	0.7725098939321464	0.657791984362915	0.7059079407964096	152230.1864013672	0.8252623083131557	1.0	0.8252623083131557	0.904267079372098	999.213621481871
Davidson et al.	Davidson et al.	25	mlp	19149	128	300	0.2	0.2	[2, 3, 4]	128	100	2	0.6365584677419355	0.7072049694291754	0.6057072671390904	0.6457227751669163	236007.43455314636	0.8252623083131557	1.0	0.8252623083131557	0.904267079372098	522.8041374010918
Davidson et al.	Davidson et al.	26	mlp	19149	128	300	0.2	0.2	[2, 3, 4]	128	100	2	0.6762983870967743	0.7632665094040791	0.6579427477377556	0.6984183588885412	156949.39299869537	0.8252623083131557	1.0	0.8252623083131557	0.904267079372098	974.55736717811
Davidson et al.	Davidson et al.	27	mlp	19149	128	300	0.2	0.2	[2, 3, 4]	128	100	2	0.664	0.7442578096056746	0.6328725677827672	0.6798057553129467	201798.56202411652	0.8252623083131557	1.0	0.8252623083131557	0.904267079372098	800.350107437525
Davidson et al.	Davidson et al.	28	mlp	19149	128	300	0.2	0.2	[2, 3, 4]	128	100	2	0.6427520161290323	0.716201683275864	0.6074596075298244	0.6526253108880392	222181.7432794571	0.8252623083131557	1.0	0.8252623083131557	0.904267079372098	867.9247522598658
Davidson et al.	Davidson et al.	29	mlp	19149	128	300	0.2	0.2	[2, 3, 4]	128	100	2	0.6445080645161291	0.7112935917519204	0.6074426456804793	0.648906766931249	215566.56932544708	0.8252623083131557	1.0	0.8252623083131557	0.904267079372098	563.3709685496794
Davidson et al.	Davidson et al.	30	mlp	19149	128	300	0.2	0.2	[2, 3, 4]	128	100	2	0.6636693548387097	0.7489715015686859	0.6338397609183031	0.6812793576285588	169119.95566749573	0.8252623083131557	1.0	0.8252623083131557	0.904267079372098	1002.0277314797426
Davidson et al.	Davidson et al.	31	mlp	19149	128	300	0.2	0.2	[2, 3, 4]	128	100	2	0.6386975806451614	0.7055913248518523	0.5984473939345449	0.6425794463293747	234708.58788347244	0.8252623083131557	1.0	0.8252623083131557	0.904267079372098	436.25826028677136
Davidson et al.	Davidson et al.	32	mlp	19149	128	300	0.2	0.2	[2, 3, 4]	128	100	2	0.6805322580645161	0.7680643323916169	0.6615790650141112	0.700690918937495	148987.68862628937	0.8252623083131557	1.0	0.8252623083131557	0.904267079372098	1049.6452308067908
Davidson et al.	Davidson et al.	33	mlp	19149	128	300	0.2	0.2	[2, 3, 4]	128	100	2	0.6295887096774194	0.6997448096773787	0.5899854754508715	0.6363360433778709	249608.57797908783	0.8252623083131557	1.0	0.8252623083131557	0.904267079372098	457.67934701381586
Davidson et al.	Davidson et al.	34	mlp	19149	128	300	0.2	0.2	[2, 3, 4]	128	100	2	0.6762701612903226	0.7628246855881923	0.6562416247115842	0.6957794220466682	154211.13068008423	0.8252623083131557	1.0	0.8252623083131557	0.904267079372098	1068.6209382277268
Davidson et al.	Davidson et al.	35	mlp	19149	128	300	0.2	0.2	[2, 3, 4]	128	100	2	0.6341975806451613	0.6989530145080215	0.5957810211933909	0.6377210207570752	251265.82339000702	0.8252623083131557	1.0	0.8252623083131557	0.904267079372098	352.2276595678085
Davidson et al.	Davidson et al.	36	mlp	19149	128	300	0.2	0.2	[2, 3, 4]	128	100	2	0.6895685483870968	0.7786252620131573	0.6709868653984048	0.7124408745030113	144655.9344739914	0.8252623083131557	1.0	0.8252623083131557	0.904267079372098	1158.0599017020984
Davidson et al.	Davidson et al.	37	mlp	19149	128	300	0.2	0.2	[2, 3, 4]	128	100	2	0.632671370967742	0.6951491114439989	0.5904392557569343	0.6346618097733556	268258.51626873016	0.8252623083131557	1.0	0.8252623083131557	0.904267079372098	337.1176677606045
Davidson et al.	Davidson et al.	38	mlp	19149	128	300	0.2	0.2	[2, 3, 4]	128	100	2	0.689445564516129	0.7810756660582149	0.6694026472749639	0.711790629025667	158606.0523738861	0.8252623083131557	1.0	0.8252623083131557	0.904267079372098	1258.5332050812551
Davidson et al.	Davidson et al.	39	mlp	19149	128	300	0.2	0.2	[2, 3, 4]	128	100	2	0.6221068548387096	0.6800655756791522	0.5800537412709237	0.6204585233815751	300897.1788101196	0.8256658595641646	0.9995110024449878	0.8258585858585858	0.904424778761062	72.14438819885254
Davidson et al.	Davidson et al.	40	mlp	19149	128	300	0.2	0.2	[2, 3, 4]	128	100	2	0.7266733870967742	0.8360532012311542	0.7321356084128858	0.7661148226025357	126783.11763095856	0.8252623083131557	1.0	0.8252623083131557	0.904267079372098	977.8140104244917
Davidson et al.	Davidson et al.	41	mlp	19149	128	300	0.2	0.2	[2, 3, 4]	128	100	2	0.6658649193548387	0.750136118091077	0.6469913631116174	0.6851175097837238	214152.25791168213	0.8252623083131557	1.0	0.8252623083131557	0.904267079372098	820.5700241480118
Davidson et al.	Davidson et al.	42	mlp	19149	128	300	0.2	0.2	[2, 3, 4]	128	100	2	0.6842620967741936	0.7721227208181773	0.6652588505871861	0.7052467897379027	186814.50325584412	0.8252623083131557	1.0	0.8252623083131557	0.904267079372098	974.7162362123147
Davidson et al.	Davidson et al.	43	mlp	19149	128	300	0.2	0.2	[2, 3, 4]	128	100	2	0.6499375000000001	0.7200367399066151	0.6092307415918918	0.6566322718275459	225871.7055683136	0.8252623083131557	1.0	0.8252623083131557	0.904267079372098	759.7805347931691
Davidson et al.	Davidson et al.	44	mlp	19149	128	300	0.2	0.2	[2, 3, 4]	128	100	2	0.6769616935483871	0.7699761972285757	0.652460954816441	0.6989770802356245	196202.77326774597	0.8252623083131557	1.0	0.8252623083131557	0.904267079372098	1053.7635674109827
Davidson et al.	Davidson et al.	45	mlp	19149	128	300	0.2	0.2	[2, 3, 4]	128	100	2	0.6446028225806452	0.7113091918367203	0.6039350972118013	0.6484417208677472	238804.4314584732	0.8252623083131557	1.0	0.8252623083131557	0.904267079372098	611.8749149029071
Davidson et al.	Davidson et al.	46	mlp	19149	128	300	0.2	0.2	[2, 3, 4]	128	100	2	0.6631733870967742	0.7475420943479785	0.6331098746955477	0.680621876332532	180449.0555448532	0.8252623083131557	1.0	0.8252623083131557	0.904267079372098	1057.4610380515073
Davidson et al.	Davidson et al.	47	mlp	19149	128	300	0.2	0.2	[2, 3, 4]	128	100	2	0.6332983870967742	0.7020295816427732	0.5928813983706527	0.6391555948057804	251996.54862499237	0.8252623083131557	1.0	0.8252623083131557	0.904267079372098	463.05870017027246
Davidson et al.	Davidson et al.	48	mlp	19149	128	300	0.2	0.2	[2, 3, 4]	128	100	2	0.6782157258064516	0.7686603745772949	0.6533665403435354	0.701037753913375	156469.55015468597	0.8252623083131557	1.0	0.8252623083131557	0.904267079372098	1100.564413608649
Davidson et al.	Davidson et al.	49	mlp	19149	128	300	0.2	0.2	[2, 3, 4]	128	100	2	0.6290907258064516	0.6952494758543216	0.5882168881945818	0.633315110135265	261315.9012813568	0.8252623083131557	1.0	0.8252623083131557	0.904267079372098	393.01599864470654
Davidson et al.	Davidson et al.	50	mlp	19149	128	300	0.2	0.2	[2, 3, 4]	128	100	2	0.6846149193548388	0.7783571792673385	0.6612949093914311	0.7103256846980683	151679.95364189148	0.8252623083131557	1.0	0.8252623083131557	0.904267079372098	1117.4563970321265
Davidson et al.	Davidson et al.	51	mlp	19149	128	300	0.2	0.2	[2, 3, 4]	128	100	2	0.6274354838709677	0.696459323395757	0.5867380677546423	0.6339607800491064	265008.8672943115	0.8252623083131557	1.0	0.8252623083131557	0.904267079372098	427.47395755083136
Davidson et al.	Davidson et al.	52	mlp	19149	128	300	0.2	0.2	[2, 3, 4]	128	100	2	0.6798326612903226	0.7714289309570285	0.6558896578408802	0.7041939754676574	154074.4184293747	0.8252623083131557	1.0	0.8252623083131557	0.904267079372098	1100.3300530849358
Davidson et al.	Davidson et al.	53	mlp	19149	128	300	0.2	0.2	[2, 3, 4]	128	100	2	0.631	0.6974740685591311	0.5909475362640697	0.6357708335959138	261268.57342243195	0.8252623083131557	1.0	0.8252623083131557	0.904267079372098	394.61211248544544
Davidson et al.	Davidson et al.	54	mlp	19149	128	300	0.2	0.2	[2, 3, 4]	128	100	2	0.6827076612903226	0.7792416151765796	0.6632882449842791	0.7106016872042997	150789.9354915619	0.8252623083131557	1.0	0.8252623083131557	0.904267079372098	1109.1775653545674
Davidson et al.	Davidson et al.	55	mlp	19149	128	300	0.2	0.2	[2, 3, 4]	128	100	2	0.6289979838709677	0.6963785026388006	0.5904021073794007	0.634703602017392	261994.39781475067	0.8252623083131557	1.0	0.8252623083131557	0.904267079372098	378.1397873316056
Davidson et al.	Davidson et al.	56	mlp	19149	128	300	0.2	0.2	[2, 3, 4]	128	100	2	0.6908850806451613	0.7771031661709686	0.671897781751816	0.7122985526037294	142254.87804412842	0.8252623083131557	1.0	0.8252623083131557	0.904267079372098	1113.186408605331
Davidson et al.	Davidson et al.	57	mlp	19149	128	300	0.2	0.2	[2, 3, 4]	128	100	2	0.6327157258064516	0.7003162263741333	0.5997398676262526	0.6404244789353876	259614.22331619263	0.8252623083131557	1.0	0.8252623083131557	0.904267079372098	427.45429171048676
Davidson et al.	Davidson et al.	58	mlp	19149	128	300	0.2	0.2	[2, 3, 4]	128	100	2	0.6823548387096774	0.781101571058734	0.6614901647444958	0.7097704432315147	175746.71711301804	0.8252623083131557	1.0	0.8252623083131557	0.904267079372098	1259.8226435734675
Davidson et al.	Davidson et al.	59	mlp	19149	128	300	0.2	0.2	[2, 3, 4]	128	100	2	0.61675	0.6758506343365371	0.56938665210756	0.6148615498373454	320567.07715797424	0.8252623083131557	1.0	0.8252623083131557	0.904267079372098	211.93188051077036
Davidson et al.	Davidson et al.	60	mlp	19149	128	300	0.2	0.2	[2, 3, 4]	128	100	2	0.7016935483870967	0.8007059587206219	0.6847905923245633	0.7304489876636663	140324.34351062775	0.8252623083131557	1.0	0.8252623083131557	0.904267079372098	1183.4093048878206
Davidson et al.	Davidson et al.	61	mlp	19149	128	300	0.2	0.2	[2, 3, 4]	128	100	2	0.63075	0.6952495506580574	0.586124137692414	0.6327671884794676	270162.13224315643	0.8252623083131557	1.0	0.8252623083131557	0.904267079372098	369.73555364364233
Davidson et al.	Davidson et al.	62	mlp	19149	128	300	0.2	0.2	[2, 3, 4]	128	100	2	0.6908951612903226	0.7837432689300562	0.6656702690205354	0.7145776347712711	150573.10511302948	0.8252623083131557	1.0	0.8252623083131557	0.904267079372098	1148.662840231871
Davidson et al.	Davidson et al.	63	mlp	19149	128	300	0.2	0.2	[2, 3, 4]	128	100	2	0.6294818548387097	0.6967327659228189	0.5878364493059944	0.6335466917536278	265159.5206890106	0.8252623083131557	1.0	0.8252623083131557	0.904267079372098	413.9670155843099
Davidson et al.	Davidson et al.	64	mlp	19149	128	300	0.2	0.2	[2, 3, 4]	128	100	2	0.6817641129032258	0.7735239639014724	0.6527802693737019	0.7043190689534986	156182.56806993484	0.8252623083131557	1.0	0.8252623083131557	0.904267079372098	1149.2264795547876
Davidson et al.	Davidson et al.	65	mlp	19149	128	300	0.2	0.2	[2, 3, 4]	128	100	2	0.6289556451612903	0.6923015095667817	0.58365215386102	0.6308260224444742	271225.573015213	0.8252623083131557	1.0	0.8252623083131557	0.904267079372098	318.81565138009876
Davidson et al.	Davidson et al.	66	mlp	19149	128	300	0.2	0.2	[2, 3, 4]	128	100	2	0.6892600806451613	0.7878362667941538	0.6726915247828753	0.7177340136382266	153751.67194271088	0.8252623083131557	1.0	0.8252623083131557	0.904267079372098	1209.1531696808645
Davidson et al.	Davidson et al.	67	mlp	19149	128	300	0.2	0.2	[2, 3, 4]	128	100	2	0.6318427419354838	0.6932543500951389	0.5871140039406273	0.6323709872905371	276757.7102136612	0.8252623083131557	1.0	0.8252623083131557	0.904267079372098	302.67089716593426
Davidson et al.	Davidson et al.	68	mlp	19149	128	300	0.2	0.2	[2, 3, 4]	128	100	2	0.6908366935483872	0.7877783207831933	0.6700184239278276	0.7181930604085098	150367.76276302338	0.8252623083131557	1.0	0.8252623083131557	0.904267079372098	1207.0434087117512
Davidson et al.	Davidson et al.	69	mlp	19149	128	300	0.2	0.2	[2, 3, 4]	128	100	2	0.6314536290322581	0.6962192466921583	0.5929843223724964	0.6345577775962272	278737.06217861176	0.8252623083131557	1.0	0.8252623083131557	0.904267079372098	369.3086620232998
Davidson et al.	Davidson et al.	70	mlp	19149	128	300	0.2	0.2	[2, 3, 4]	128	100	2	0.6877116935483871	0.7816997400615715	0.6652081478728463	0.7131590708796018	151862.17646884918	0.8252623083131557	1.0	0.8252623083131557	0.904267079372098	1173.9888700827573
Davidson et al.	Davidson et al.	71	mlp	19149	128	300	0.2	0.2	[2, 3, 4]	128	100	2	0.629991935483871	0.6962826371707178	0.5917693430395424	0.6340570848645568	272342.04281425476	0.8252623083131557	1.0	0.8252623083131557	0.904267079372098	361.72906181139825
Davidson et al.	Davidson et al.	72	mlp	19149	128	300	0.2	0.2	[2, 3, 4]	128	100	2	0.6875020161290323	0.7812938866501535	0.6718038398796919	0.7134229513708154	151951.5368423462	0.8252623083131557	1.0	0.8252623083131557	0.904267079372098	1171.4795970427683
Davidson et al.	Davidson et al.	73	mlp	19149	128	300	0.2	0.2	[2, 3, 4]	128	100	2	0.6325060483870968	0.6963516966047654	0.5893388535164802	0.6349163308010437	268723.32582092285	0.8252623083131557	1.0	0.8252623083131557	0.904267079372098	341.2851069523738
Davidson et al.	Davidson et al.	74	mlp	19149	128	300	0.2	0.2	[2, 3, 4]	128	100	2	0.688820564516129	0.7808655057244744	0.6695340808934758	0.7130963222102447	153346.38281059265	0.8252623083131557	1.0	0.8252623083131557	0.904267079372098	1222.7683817545574
Davidson et al.	Davidson et al.	75	mlp	19149	128	300	0.2	0.2	[2, 3, 4]	128	100	2	0.6261189516129032	0.6906698253029596	0.5891531252584784	0.6294054041281953	287365.018488884	0.8252623083131557	1.0	0.8252623083131557	0.904267079372098	254.64315350850424
Davidson et al.	Davidson et al.	76	mlp	19149	128	300	0.2	0.2	[2, 3, 4]	128	100	2	0.6982258064516129	0.799133127583923	0.6813613283499969	0.7293923811988695	146082.6823196411	0.8252623083131557	1.0	0.8252623083131557	0.904267079372098	1182.7244059244792
Davidson et al.	Davidson et al.	77	mlp	19149	128	300	0.2	0.2	[2, 3, 4]	128	100	2	0.6341048387096774	0.6972560698537812	0.5937084534408155	0.6363203832775378	269720.868976593	0.8252623083131557	1.0	0.8252623083131557	0.904267079372098	375.5621432768993
Davidson et al.	Davidson et al.	78	mlp	19149	128	300	0.2	0.2	[2, 3, 4]	128	100	2	0.6865020161290323	0.7807137815058106	0.6678487575106299	0.7122095671789497	152653.59745121002	0.8252623083131557	1.0	0.8252623083131557	0.904267079372098	1158.111212510329
Davidson et al.	Davidson et al.	79	mlp	19149	128	300	0.2	0.2	[2, 3, 4]	128	100	2	0.629546370967742	0.6961501955560427	0.594838193798837	0.6344147438145759	269194.4974193573	0.8252623083131557	1.0	0.8252623083131557	0.904267079372098	380.94775840563653
Davidson et al.	Davidson et al.	80	mlp	19149	128	300	0.2	0.2	[2, 3, 4]	128	100	2	0.6861633064516128	0.7774362911952971	0.6729473669998103	0.7104902387463802	158051.39701843262	0.8252623083131557	1.0	0.8252623083131557	0.904267079372098	1202.5026331192407
Davidson et al.	Davidson et al.	81	mlp	19149	128	300	0.2	0.2	[2, 3, 4]	128	100	2	0.6223891129032258	0.6878675267440373	0.5856703853155261	0.6265444346142514	287184.1444797516	0.8252623083131557	1.0	0.8252623083131557	0.904267079372098	248.5490097632775
Davidson et al.	Davidson et al.	82	mlp	19149	128	300	0.2	0.2	[2, 3, 4]	128	100	2	0.7023064516129033	0.7976695203439375	0.6939881115268606	0.730438221413001	139576.22375297546	0.8252623083131557	1.0	0.8252623083131557	0.904267079372098	1175.6138348701672
Davidson et al.	Davidson et al.	83	mlp	19149	128	300	0.2	0.2	[2, 3, 4]	128	100	2	0.6361048387096774	0.7004699849238962	0.602446493526565	0.639974425387125	266114.8008003235	0.8252623083131557	1.0	0.8252623083131557	0.904267079372098	445.69083639291614
Davidson et al.	Davidson et al.	84	mlp	19149	128	300	0.2	0.2	[2, 3, 4]	128	100	2	0.6834717741935484	0.7685585082191185	0.6603762848351543	0.7029682963034405	155210.35215759277	0.8252623083131557	1.0	0.8252623083131557	0.904267079372098	1119.3206405639648
Davidson et al.	Davidson et al.	85	mlp	19149	128	300	0.2	0.2	[2, 3, 4]	128	100	2	0.6313548387096775	0.6959161884127395	0.5991006707174329	0.6356573365504343	263264.32353019714	0.8252623083131557	1.0	0.8252623083131557	0.904267079372098	353.4376423175518
Davidson et al.	Davidson et al.	86	mlp	19149	128	300	0.2	0.2	[2, 3, 4]	128	100	2	0.6930241935483871	0.7778126633904505	0.6736985243866913	0.7137149657086277	144947.7699213028	0.8252623083131557	1.0	0.8252623083131557	0.904267079372098	1169.347802382249
Davidson et al.	Davidson et al.	87	mlp	19149	128	300	0.2	0.2	[2, 3, 4]	128	100	2	0.6402741935483871	0.6982053621813537	0.6026850491483426	0.6395249112570388	264438.4497232437	0.8252623083131557	1.0	0.8252623083131557	0.904267079372098	294.7732901450915
Davidson et al.	Davidson et al.	88	mlp	19149	128	300	0.2	0.2	[2, 3, 4]	128	100	2	0.6986048387096774	0.7901399843281343	0.6920011579411302	0.7244819795608355	140619.51259326935	0.8252623083131557	1.0	0.8252623083131557	0.904267079372098	1175.0638862022986
Davidson et al.	Davidson et al.	89	mlp	19149	128	300	0.2	0.2	[2, 3, 4]	128	100	2	0.6306915322580645	0.6926440645776472	0.5940282652829068	0.6330166853389574	271460.7554397583	0.8252623083131557	1.0	0.8252623083131557	0.904267079372098	298.39863835848297
Davidson et al.	Davidson et al.	90	mlp	19149	128	300	0.2	0.2	[2, 3, 4]	128	100	2	0.6903750000000001	0.7891166597668549	0.6851354529611592	0.7210502486222982	151397.97180461884	0.8252623083131557	1.0	0.8252623083131557	0.904267079372098	1208.371095315004
Davidson et al.	Davidson et al.	91	mlp	19149	128	300	0.2	0.2	[2, 3, 4]	128	100	2	0.6266875	0.693511995856045	0.5980699108280078	0.6324076348206551	281225.35453367233	0.8252623083131557	1.0	0.8252623083131557	0.904267079372098	344.6477444966634
Davidson et al.	Davidson et al.	92	mlp	19149	128	300	0.2	0.2	[2, 3, 4]	128	100	2	0.6924193548387096	0.7852602722919589	0.6788804194177197	0.7193294196147759	147407.9279499054	0.8252623083131557	1.0	0.8252623083131557	0.904267079372098	1151.1604919433594
Davidson et al.	Davidson et al.	93	mlp	19149	128	300	0.2	0.2	[2, 3, 4]	128	100	2	0.6273225806451613	0.6971509532136239	0.5933000807965819	0.6347357437626961	271476.72591018677	0.8252623083131557	1.0	0.8252623083131557	0.904267079372098	443.3469323378343
Davidson et al.	Davidson et al.	94	mlp	19149	128	300	0.2	0.2	[2, 3, 4]	128	100	2	0.6795745967741935	0.7670091316118367	0.6718267324801104	0.702071950789286	156418.40710830688	0.8252623083131557	1.0	0.8252623083131557	0.904267079372098	1117.0348815917969
Davidson et al.	Davidson et al.	95	mlp	19149	128	300	0.2	0.2	[2, 3, 4]	128	100	2	0.6295241935483871	0.6942027394129603	0.5989636949774351	0.6342014225297132	266256.0547170639	0.8252623083131557	1.0	0.8252623083131557	0.904267079372098	333.4206174214681
Davidson et al.	Davidson et al.	96	mlp	19149	128	300	0.2	0.2	[2, 3, 4]	128	100	2	0.6932479838709678	0.7880508649229709	0.691194651006408	0.7224976506683517	142310.07968521118	0.8252623083131557	1.0	0.8252623083131557	0.904267079372098	1136.1260661589793
Davidson et al.	Davidson et al.	97	mlp	19149	128	300	0.2	0.2	[2, 3, 4]	128	100	2	0.6403326612903226	0.6996639627013238	0.611491612124609	0.6417756567843839	254323.979929924	0.8252623083131557	1.0	0.8252623083131557	0.904267079372098	359.22804045065857
Davidson et al.	Davidson et al.	98	mlp	19149	128	300	0.2	0.2	[2, 3, 4]	128	100	2	0.6913971774193548	0.778576373071375	0.6851510603469758	0.7149089091088873	146500.90113639832	0.8252623083131557	1.0	0.8252623083131557	0.904267079372098	1179.3089044032952
Davidson et al.	Davidson et al.	99	mlp	19149	128	300	0.2	0.2	[2, 3, 4]	128	100	2	0.6282721774193548	0.6958647703342262	0.6007186433248434	0.6349335376606473	277513.5304374695	0.8252623083131557	1.0	0.8252623083131557	0.904267079372098	340.296142186874
Davidson et al.	Davidson et al.	0	lstm	19149	128	300	0.2	0.2	[2, 3, 4]	128	100	2	0.6481814516129032	0.7290141632982673	0.801017160416698	0.7412712359360127	1789.257511973381	0.6016949152542372	0.6713936430317848	0.8133886255924171	0.7356013929815163	14.493390657962896
Davidson et al.	Davidson et al.	1	lstm	19149	128	300	0.2	0.2	[2, 3, 4]	128	100	2	0.6888850806451613	0.7741640394406164	0.8397739720295884	0.7911143485525148	3601.811330318451	0.7522195318805488	0.8821515892420538	0.8286632981166743	0.8545712932259593	6.738258610169093
Davidson et al.	Davidson et al.	2	lstm	19149	128	300	0.2	0.2	[2, 3, 4]	128	100	2	0.6888447580645162	0.7828105519943772	0.8327449313718419	0.7895210331141788	1974.016979932785	0.5637610976594027	0.5858190709046455	0.8365921787709497	0.6890997986770204	4.893293836177924
Davidson et al.	Davidson et al.	3	lstm	19149	128	300	0.2	0.2	[2, 3, 4]	128	100	2	0.6698366935483872	0.7618668823411747	0.8250054134994904	0.7578783823502211	1981.7807140350342	0.7744148506860371	0.9207823960880196	0.8258771929824561	0.8707514450867052	14.211360381199764
Davidson et al.	Davidson et al.	4	lstm	19149	128	300	0.2	0.2	[2, 3, 4]	128	100	2	0.6390745967741935	0.7125812211822161	0.8144091464306924	0.7086569040053127	2995.2803206443787	0.6815980629539952	0.7921760391198044	0.8165322580645161	0.8041697691734921	16.97974575482882
Davidson et al.	Davidson et al.	5	lstm	19149	128	300	0.2	0.2	[2, 3, 4]	128	100	2	0.6529596774193548	0.7342639137899798	0.8377034834176025	0.7352101966076908	3053.2716968655586	0.6105730427764327	0.684596577017115	0.813953488372093	0.743691899070385	6.522556642691295
Davidson et al.	Davidson et al.	6	lstm	19149	128	300	0.2	0.2	[2, 3, 4]	128	100	2	0.6369274193548387	0.7178917152565952	0.8297721784999686	0.7288775020207715	2005.7483031749725	0.711864406779661	0.8381418092909535	0.8173581306628517	0.827619507484307	14.330240054008287
Davidson et al.	Davidson et al.	7	lstm	19149	128	300	0.2	0.2	[2, 3, 4]	128	100	2	0.6376975806451612	0.7163757240470754	0.8255938243856946	0.745144733601855	2872.333773136139	0.8002421307506054	0.9613691931540342	0.8253568429890848	0.8881861305624577	11.267376762170057
Davidson et al.	Davidson et al.	8	lstm	19149	128	300	0.2	0.2	[2, 3, 4]	128	100	2	0.6615887096774193	0.7489920122667517	0.8277931531630983	0.7633393126510096	2380.333144545555	0.7522195318805488	0.8953545232273838	0.8207082025997311	0.8564078578110385	9.787750227329058
Davidson et al.	Davidson et al.	9	lstm	19149	128	300	0.2	0.2	[2, 3, 4]	128	100	2	0.6473608870967742	0.728496844940668	0.829410218793044	0.7395709645444941	2179.344931155443	0.7740112994350282	0.9242053789731052	0.8235294117647058	0.8709677419354838	12.213510296283625
Davidson et al.	Davidson et al.	10	lstm	19149	128	300	0.2	0.2	[2, 3, 4]	128	100	2	0.6203225806451613	0.6853224573667906	0.8330172149036756	0.7100754465170864	2355.0240475535393	0.711864406779661	0.8381418092909535	0.8173581306628517	0.827619507484307	7.562665743705554
Davidson et al.	Davidson et al.	11	lstm	19149	128	300	0.2	0.2	[2, 3, 4]	128	100	2	0.6304475806451613	0.7018421116096727	0.8355478087184386	0.7157280515288661	1914.9105769991875	0.7050040355125101	0.8259168704156479	0.8183139534883721	0.8220978340228765	11.961168020199507
Davidson et al.	Davidson et al.	12	lstm	19149	128	300	0.2	0.2	[2, 3, 4]	128	100	2	0.6093225806451612	0.6711657674001115	0.8306860365407418	0.6915516905837769	2474.862660765648	0.7756255044390638	0.9256723716381418	0.824118415324336	0.8719484108705665	9.135423846733875
Davidson et al.	Davidson et al.	13	lstm	19149	128	300	0.2	0.2	[2, 3, 4]	128	100	2	0.6228568548387097	0.6890976558733592	0.8284052513814399	0.6923154521279111	2126.0952219367027	0.7344632768361582	0.8694376528117359	0.8197325956662056	0.8438538205980065	11.354252705207237
Davidson et al.	Davidson et al.	14	lstm	19149	128	300	0.2	0.2	[2, 3, 4]	128	100	2	0.659804435483871	0.7406871324753539	0.835019982662661	0.7441700664564459	2132.371123254299	0.8163841807909604	0.9823960880195599	0.8274299835255354	0.8982785602503913	4.628599941730499
Davidson et al.	Davidson et al.	15	lstm	19149	128	300	0.2	0.2	[2, 3, 4]	128	100	2	0.7002681451612903	0.7945057827942847	0.8252971120604065	0.7502870284779369	1730.310663253069	0.8119451170298628	0.9731051344743277	0.8288213244481466	0.895186684660369	12.573429107666016
Davidson et al.	Davidson et al.	16	lstm	19149	128	300	0.2	0.2	[2, 3, 4]	128	100	2	0.6936673387096775	0.7924486424046309	0.8280103070453234	0.7964578341950986	2481.4928835630417	0.5968523002421308	0.6259168704156479	0.845442536327609	0.7193031750491712	6.963665234736907
Davidson et al.	Davidson et al.	17	lstm	19149	128	300	0.2	0.2	[2, 3, 4]	128	100	2	0.6741532258064517	0.7612320485926354	0.8318904572815046	0.7750974184025168	1475.7657223939896	0.8131557707828895	0.976039119804401	0.8282157676348548	0.8960718294051628	2.925387912071668
Davidson et al.	Davidson et al.	18	lstm	19149	128	300	0.2	0.2	[2, 3, 4]	128	100	2	0.7052903225806452	0.8078944849687167	0.8198006010280467	0.7777139020357984	1396.1186100840569	0.7037933817594835	0.7799511002444988	0.8488557743480575	0.8129459734964323	9.525050640106201
Davidson et al.	Davidson et al.	19	lstm	19149	128	300	0.2	0.2	[2, 3, 4]	128	100	2	0.6428528225806452	0.7139739025126168	0.8222945753408215	0.7204158982587524	1961.5448331832886	0.8026634382566586	0.9603911980440097	0.8279932546374368	0.8892913742359068	5.648852112965706
Davidson et al.	Davidson et al.	20	lstm	19149	128	300	0.2	0.2	[2, 3, 4]	128	100	2	0.6531491935483871	0.7277044610138556	0.8320587989094064	0.7618339481896143	1459.4486586153507	0.7732041969330105	0.911002444987775	0.8305840392331698	0.868936567164179	5.846175794418041
Davidson et al.	Davidson et al.	21	lstm	19149	128	300	0.2	0.2	[2, 3, 4]	128	100	2	0.6997318548387097	0.8033645450199839	0.8295096662971442	0.8079682134216443	1320.2713010907173	0.6505246166263116	0.7315403422982885	0.8251516822945394	0.7755313634007257	5.6908871210538425
Davidson et al.	Davidson et al.	22	lstm	19149	128	300	0.2	0.2	[2, 3, 4]	128	100	2	0.6141391129032259	0.6789001988457405	0.8263025265353703	0.720996278962481	1471.6428295373917	0.8010492332526231	0.9638141809290953	0.8246861924686193	0.8888387824126269	5.414975734857412
Davidson et al.	Davidson et al.	23	lstm	19149	128	300	0.2	0.2	[2, 3, 4]	128	100	2	0.68	0.7672318422661896	0.837562715032448	0.7390703371565012	2045.1427535414696	0.7348668280871671	0.8699266503667482	0.819815668202765	0.8441281138790035	16.316771213824932
Davidson et al.	Davidson et al.	24	lstm	19149	128	300	0.2	0.2	[2, 3, 4]	128	100	2	0.5948407258064515	0.6506765316350719	0.8280164957739049	0.644839925489502	3318.1673783659935	0.7259887005649718	0.8562347188264059	0.8197565543071161	0.8375986606075102	7.793647087537325
Davidson et al.	Davidson et al.	25	lstm	19149	128	300	0.2	0.2	[2, 3, 4]	128	100	2	0.5990907258064516	0.6565614183978873	0.8340145027176591	0.6592136595628799	2114.738718211651	0.6880548829701372	0.8029339853300733	0.81610337972167	0.8094651220113384	12.51276070643694
Davidson et al.	Davidson et al.	26	lstm	19149	128	300	0.2	0.2	[2, 3, 4]	128	100	2	0.6174576612903226	0.6800135029813246	0.8350314472700556	0.7049343366947739	2589.8651826381683	0.7998385794995965	0.9481662591687041	0.8325461571489909	0.8866026520347507	6.967248488695193
Davidson et al.	Davidson et al.	27	lstm	19149	128	300	0.2	0.2	[2, 3, 4]	128	100	2	0.6574294354838709	0.7334101768804491	0.834435738978477	0.760826222189333	1773.2273579835892	0.685633575464084	0.7975550122249389	0.8171342685370742	0.8072259341747092	6.122939008932847
Davidson et al.	Davidson et al.	28	lstm	19149	128	300	0.2	0.2	[2, 3, 4]	128	100	2	0.6604516129032258	0.7430848816500331	0.8269345503476485	0.7390155118135053	1464.6278241872787	0.7348668280871671	0.8273838630806846	0.8476953907815631	0.8374164810690422	6.669340775563167
Davidson et al.	Davidson et al.	29	lstm	19149	128	300	0.2	0.2	[2, 3, 4]	128	100	2	0.6475826612903226	0.7189720915634	0.8222633306559533	0.7208142551147051	1622.736120402813	0.7897497982243745	0.9378973105134474	0.8295847750865052	0.8804223089281615	5.67133755561633
Davidson et al.	Davidson et al.	30	lstm	19149	128	300	0.2	0.2	[2, 3, 4]	128	100	2	0.646	0.7248860690044269	0.826999968823149	0.7554938147731961	1237.6116715073586	0.804681194511703	0.9677261613691932	0.8256153525239883	0.8910400720396218	4.777182420094808
Davidson et al.	Davidson et al.	31	lstm	19149	128	300	0.2	0.2	[2, 3, 4]	128	100	2	0.6957701612903225	0.7930570730913249	0.8343108960186658	0.7627179139167666	1749.5092698335648	0.8022598870056498	0.9647921760391198	0.8251777498954412	0.8895401262398557	13.373026774479793
Davidson et al.	Davidson et al.	32	lstm	19149	128	300	0.2	0.2	[2, 3, 4]	128	100	2	0.6430342741935483	0.7160918253386862	0.8403137325563683	0.7138515952147938	2739.090284049511	0.7925746569814366	0.9506112469437653	0.824777259227832	0.8832348932303499	13.224417273814861
Davidson et al.	Davidson et al.	33	lstm	19149	128	300	0.2	0.2	[2, 3, 4]	128	100	2	0.6183810483870968	0.6854378136961218	0.828843564558814	0.702452955637879	2816.6911368370056	0.7235673930589185	0.8528117359413203	0.8195488721804511	0.8358495087467049	5.858854012611585
Davidson et al.	Davidson et al.	34	lstm	19149	128	300	0.2	0.2	[2, 3, 4]	128	100	2	0.6099233870967743	0.6723761388727759	0.8323705762952512	0.6881680903969066	1528.6409753262997	0.6400322841000807	0.732518337408313	0.812805208898535	0.7705761316872428	8.071105614686624
Davidson et al.	Davidson et al.	35	lstm	19149	128	300	0.2	0.2	[2, 3, 4]	128	100	2	0.6708971774193548	0.753233446432895	0.8362734180293813	0.7720267815106584	2116.568417787552	0.48103309120258275	0.44547677261613694	0.8570084666039511	0.5862290862290863	8.80507100545443
Davidson et al.	Davidson et al.	36	lstm	19149	128	300	0.2	0.2	[2, 3, 4]	128	100	2	0.6747500000000001	0.7662121363431628	0.8234093117108665	0.7649721044666099	1354.0845589637756	0.814366424535916	0.9819070904645477	0.8259975318798848	0.8972296693476318	8.552936709844149
Davidson et al.	Davidson et al.	37	lstm	19149	128	300	0.2	0.2	[2, 3, 4]	128	100	2	0.6659737903225806	0.7551529100759344	0.7937121113228193	0.708272283555499	2258.711210846901	0.7897497982243745	0.9330073349633252	0.8324607329842932	0.8798708784874337	10.958822714976776
Davidson et al.	Davidson et al.	38	lstm	19149	128	300	0.2	0.2	[2, 3, 4]	128	100	2	0.6590423387096774	0.7284105068519288	0.8383984193427805	0.7519412970804554	2583.489141345024	0.5112994350282486	0.5388753056234719	0.8043795620437956	0.6453879941434846	6.553618614490215
Davidson et al.	Davidson et al.	39	lstm	19149	128	300	0.2	0.2	[2, 3, 4]	128	100	2	0.654929435483871	0.729224777671992	0.8350032433305391	0.7607482708670263	1967.822205066681	0.7756255044390638	0.8968215158924205	0.8416704910509408	0.8683712121212122	8.100688243523622
Davidson et al.	Davidson et al.	40	lstm	19149	128	300	0.2	0.2	[2, 3, 4]	128	100	2	0.6332842741935484	0.6978872991329241	0.8317667984828998	0.7281335137228077	1922.3364243507385	0.6824051654560129	0.7936430317848411	0.8163983903420523	0.804859905777337	6.432283053031335
Davidson et al.	Davidson et al.	41	lstm	19149	128	300	0.2	0.2	[2, 3, 4]	128	100	2	0.6656209677419355	0.7458986928070058	0.8377637603183409	0.7592081972476734	1586.0410823225975	0.7905569007263923	0.9295843520782396	0.8352372583479789	0.8798889146031011	4.373029588124691
Davidson et al.	Davidson et al.	42	lstm	19149	128	300	0.2	0.2	[2, 3, 4]	128	100	2	0.6364375	0.7060416632226366	0.8346344397051811	0.7271343144817907	1443.0471439361572	0.8022598870056498	0.960880195599022	0.8273684210526315	0.8891402714932126	9.452361091589315
Davidson et al.	Davidson et al.	43	lstm	19149	128	300	0.2	0.2	[2, 3, 4]	128	100	2	0.6318165322580646	0.7033422820753471	0.826567867250277	0.7314199318745618	1793.3874853253365	0.6598062953995157	0.7628361858190709	0.8133472367049009	0.7872823618470857	7.5724465021720295
Davidson et al.	Davidson et al.	44	lstm	19149	128	300	0.2	0.2	[2, 3, 4]	128	100	2	0.6678125	0.7625767341941483	0.8263942982643889	0.7746708874968183	1628.2322058677673	0.7102502017756255	0.8249388753056235	0.824132877381534	0.824535679374389	9.64219674697289
Davidson et al.	Davidson et al.	45	lstm	19149	128	300	0.2	0.2	[2, 3, 4]	128	100	2	0.6318165322580646	0.7021520363960948	0.8263928317048549	0.723729451692092	1866.0019292235374	0.7066182405165456	0.8332518337408313	0.815311004784689	0.8241837968561064	6.158684750398
Davidson et al.	Davidson et al.	46	lstm	19149	128	300	0.2	0.2	[2, 3, 4]	128	100	2	0.657883064516129	0.7508303713290057	0.824706822176512	0.7705986133222926	1498.2666761875153	0.6372074253430186	0.7090464547677262	0.8266818700114025	0.7633587786259542	7.519594498169728
Davidson et al.	Davidson et al.	47	lstm	19149	128	300	0.2	0.2	[2, 3, 4]	128	100	2	0.6345322580645161	0.7073505896397271	0.8285739759838792	0.7354144077391797	1928.5127149522305	0.6432606941081518	0.7388753056234719	0.8119290703922623	0.7736815156169995	5.441271814016195
Davidson et al.	Davidson et al.	48	lstm	19149	128	300	0.2	0.2	[2, 3, 4]	128	100	2	0.6509193548387097	0.7345614479496748	0.8257477226085809	0.7656553631524566	1221.0941894054413	0.6279257465698144	0.6953545232273839	0.8262638001162115	0.7551779075942645	6.67043644342667
Davidson et al.	Davidson et al.	49	lstm	19149	128	300	0.2	0.2	[2, 3, 4]	128	100	2	0.6434959677419354	0.7229068472903292	0.8304738436986393	0.7421409738793243	1634.6187103390694	0.7142857142857143	0.8420537897310514	0.8172757475083057	0.8294797687861272	9.890427662776066
Davidson et al.	Davidson et al.	50	lstm	19149	128	300	0.2	0.2	[2, 3, 4]	128	100	2	0.6171854838709677	0.6815440655626391	0.8320674759904894	0.6849543784745759	2489.8617480397224	0.7344632768361582	0.8694376528117359	0.8197325956662056	0.8438538205980065	17.055428847288475
Davidson et al.	Davidson et al.	51	lstm	19149	128	300	0.2	0.2	[2, 3, 4]	128	100	2	0.6608689516129032	0.7408201411900049	0.8406741881013943	0.7458950023888489	3066.1471980810165	0.7909604519774012	0.9310513447432763	0.834721613327488	0.8802588996763755	5.338569179559365
Davidson et al.	Davidson et al.	52	lstm	19149	128	300	0.2	0.2	[2, 3, 4]	128	100	2	0.697266129032258	0.7929880681450926	0.8341684673577822	0.763038690800693	1748.6508098840714	0.8147699757869249	0.9814180929095354	0.8266062602965404	0.8973843058350102	12.417456776667864
Davidson et al.	Davidson et al.	53	lstm	19149	128	300	0.2	0.2	[2, 3, 4]	128	100	2	0.6658004032258065	0.7536281996440064	0.8239440564190419	0.7441704587686577	2454.250617325306	0.7356739305891848	0.8288508557457213	0.8475	0.8380716934487021	7.367720652849246
Davidson et al.	Davidson et al.	54	lstm	19149	128	300	0.2	0.2	[2, 3, 4]	128	100	2	0.6475	0.7189475621460336	0.8304369385892664	0.7347820423528899	1772.296329498291	0.8103309120258273	0.9735941320293399	0.8271707519734108	0.894429469901168	7.072162414208437
Davidson et al.	Davidson et al.	55	lstm	19149	128	300	0.2	0.2	[2, 3, 4]	128	100	2	0.6694314516129033	0.7539404040865879	0.8298039466646375	0.776489412577036	2834.6518053412437	0.6049233252623083	0.6425427872860636	0.8412291933418694	0.7285833102301082	9.334113084352934
Davidson et al.	Davidson et al.	56	lstm	19149	128	300	0.2	0.2	[2, 3, 4]	128	100	2	0.6358326612903226	0.7094363590171114	0.8296877065713916	0.7262685224384916	1824.3222200274467	0.8087167070217918	0.9711491442542787	0.8271553519366931	0.893387314439946	7.354509613452813
Davidson et al.	Davidson et al.	57	lstm	19149	128	300	0.2	0.2	[2, 3, 4]	128	100	2	0.6740604838709677	0.7644823859728835	0.8236111286453	0.7647513184423441	1737.5037054419518	0.7348668280871671	0.8278728606356969	0.8473473473473474	0.8374969082364581	9.42296063594329
Davidson et al.	Davidson et al.	58	lstm	19149	128	300	0.2	0.2	[2, 3, 4]	128	100	2	0.670945564516129	0.7480771135890513	0.8381097858742572	0.7787414765758198	1913.9835589528084	0.678773204196933	0.7863080684596577	0.8174885612608033	0.8015952143569292	6.29532480545533
Davidson et al.	Davidson et al.	59	lstm	19149	128	300	0.2	0.2	[2, 3, 4]	128	100	2	0.6749657258064516	0.7565045242179792	0.8337071107438804	0.754289728940447	1441.7202183008194	0.7703793381759484	0.8860635696821516	0.8435754189944135	0.864297638922013	7.364053827065688
Davidson et al.	Davidson et al.	60	lstm	19149	128	300	0.2	0.2	[2, 3, 4]	128	100	2	0.669054435483871	0.7446423617041288	0.8419519101310401	0.7512186495163817	1824.7989484071732	0.8131557707828895	0.9789731051344743	0.8265895953757225	0.8963510185807029	6.103865826741243
Davidson et al.	Davidson et al.	61	lstm	19149	128	300	0.2	0.2	[2, 3, 4]	128	100	2	0.6809798387096774	0.7761776839073252	0.8267666386523461	0.780489834855003	1373.5744332671165	0.7247780468119451	0.8547677261613692	0.8195030473511487	0.8367640019147917	8.267550881092365
Davidson et al.	Davidson et al.	62	lstm	19149	128	300	0.2	0.2	[2, 3, 4]	128	100	2	0.6518387096774193	0.7340603662172406	0.8323722387541052	0.7419320026709694	2043.8202838301659	0.7788539144471348	0.930562347188264	0.8241663057600693	0.8741387230133211	13.419747539055653
Davidson et al.	Davidson et al.	63	lstm	19149	128	300	0.2	0.2	[2, 3, 4]	128	100	2	0.7263790322580645	0.8397153562902637	0.8340572496427133	0.8279086104565544	2370.611705303192	0.5835351089588378	0.6068459657701711	0.8447923757658271	0.7063175867956745	10.334183735725206
Davidson et al.	Davidson et al.	64	lstm	19149	128	300	0.2	0.2	[2, 3, 4]	128	100	2	0.6728850806451613	0.7584260392839661	0.826432525274282	0.7728567826779833	1490.157841295004	0.8099273607748184	0.9706601466992665	0.8284641068447413	0.8939428056743977	8.76073219225957
Davidson et al.	Davidson et al.	65	lstm	19149	128	300	0.2	0.2	[2, 3, 4]	128	100	2	0.6690987903225807	0.7593318566940305	0.8247637632629854	0.7757580438029986	1924.2441371679306	0.6924939467312349	0.7745721271393643	0.8403183023872679	0.8061068702290076	9.927691997625889
Davidson et al.	Davidson et al.	66	lstm	19149	128	300	0.2	0.2	[2, 3, 4]	128	100	2	0.6583810483870968	0.7364502267729897	0.8327568812209678	0.7694499041028683	1882.1575347781181	0.6468926553672316	0.7354523227383863	0.8182807399347116	0.7746587689930465	7.161703534615346
Davidson et al.	Davidson et al.	67	lstm	19149	128	300	0.2	0.2	[2, 3, 4]	128	100	2	0.6632318548387097	0.7445200957636636	0.8330315795209938	0.735913110723636	1659.6612614393234	0.7348668280871671	0.8273838630806846	0.8476953907815631	0.8374164810690422	8.245266119639078
Davidson et al.	Davidson et al.	68	lstm	19149	128	300	0.2	0.2	[2, 3, 4]	128	100	2	0.6497137096774194	0.7241821972917095	0.8313723354360341	0.7262117791232962	2010.191905260086	0.8103309120258273	0.9726161369193154	0.8277153558052435	0.8943345323741007	6.844724138577779
Davidson et al.	Davidson et al.	69	lstm	19149	128	300	0.2	0.2	[2, 3, 4]	128	100	2	0.6430907258064517	0.7125151419670495	0.8370346451737853	0.750952171786473	1733.006675362587	0.7005649717514124	0.7833740831295843	0.8427143608627038	0.8119614799797263	6.9856309707348165
Davidson et al.	Davidson et al.	70	lstm	19149	128	300	0.2	0.2	[2, 3, 4]	128	100	2	0.664375	0.745511262510967	0.832786302290128	0.776201744575283	1457.2753739356995	0.7477804681194512	0.878239608801956	0.8268876611418048	0.8517903723025847	7.365622462370457
Davidson et al.	Davidson et al.	71	lstm	19149	128	300	0.2	0.2	[2, 3, 4]	128	100	2	0.6533205645161291	0.7293339200011176	0.8343954939761127	0.7647006386729839	1595.6604783535004	0.6658595641646489	0.7305623471882641	0.8435911914172783	0.7830188679245284	6.5833952732575245
Davidson et al.	Davidson et al.	72	lstm	19149	128	300	0.2	0.2	[2, 3, 4]	128	100	2	0.6650987903225806	0.746029710643217	0.8302048990721839	0.766683739015991	1470.8024403452873	0.7078288942695722	0.8097799511002445	0.8317428427925665	0.8206144697720514	9.793220795117891
Davidson et al.	Davidson et al.	73	lstm	19149	128	300	0.2	0.2	[2, 3, 4]	128	100	2	0.6337036290322581	0.6992688403858172	0.8284208386354203	0.7018515634034564	2245.350427865982	0.7037933817594835	0.7799511002444988	0.8488557743480575	0.8129459734964323	7.556354461572109
Davidson et al.	Davidson et al.	74	lstm	19149	128	300	0.2	0.2	[2, 3, 4]	128	100	2	0.6527399193548388	0.7216222770706466	0.8211202424176408	0.7161152268394355	1792.16223102808	0.8071025020177562	0.9682151589242054	0.8274132887588801	0.8922938260477693	7.831847689090631
Davidson et al.	Davidson et al.	75	lstm	19149	128	300	0.2	0.2	[2, 3, 4]	128	100	2	0.6805625000000001	0.7734938909858333	0.8279160871668919	0.7711758736409658	1664.373669207096	0.7114608555286521	0.8371638141809291	0.8175740210124164	0.8272529596520899	10.099382272133461
Davidson et al.	Davidson et al.	76	lstm	19149	128	300	0.2	0.2	[2, 3, 4]	128	100	2	0.6188850806451613	0.6921340483020545	0.8231493360020302	0.7389945862260656	1839.6866077780724	0.6230831315577078	0.6914425427872861	0.8235294117647058	0.7517278043593834	9.779923689671051
Davidson et al.	Davidson et al.	77	lstm	19149	128	300	0.2	0.2	[2, 3, 4]	128	100	2	0.6245725806451613	0.6917089492352871	0.8298772799615196	0.7302010217144191	2123.672283887863	0.6872477804681194	0.8068459657701712	0.812807881773399	0.8098159509202454	6.472816978509609
Davidson et al.	Davidson et al.	78	lstm	19149	128	300	0.2	0.2	[2, 3, 4]	128	100	2	0.6704112903225806	0.7648261475844412	0.8252952002161699	0.7815823773222261	1372.3513764739037	0.642453591606134	0.7158924205378973	0.8275862068965517	0.767697954902989	7.601785011780568
Davidson et al.	Davidson et al.	79	lstm	19149	128	300	0.2	0.2	[2, 3, 4]	128	100	2	0.6416129032258064	0.7163779112812065	0.8279763551380112	0.7477078834298353	2055.4248489141464	0.4297820823244552	0.415158924205379	0.7964352720450282	0.5458052073288332	8.044643701651157
Davidson et al.	Davidson et al.	80	lstm	19149	128	300	0.2	0.2	[2, 3, 4]	128	100	2	0.6414334677419355	0.7261241474573223	0.8257217334553191	0.7280979517675815	1391.2607585191727	0.8054882970137207	0.9687041564792176	0.8257607336390163	0.8915391539153915	11.394305620438013
Davidson et al.	Davidson et al.	81	lstm	19149	128	300	0.2	0.2	[2, 3, 4]	128	100	2	0.6579818548387097	0.737892037052136	0.8385242212019333	0.7283933661417356	2593.1550696492195	0.7865213882163035	0.9422982885085575	0.8242087254063302	0.8793064111339265	15.604050633234856
Davidson et al.	Davidson et al.	82	lstm	19149	128	300	0.2	0.2	[2, 3, 4]	128	100	2	0.6182520161290322	0.6858611600286376	0.8321149594514348	0.711581581905649	3343.3415273427963	0.7723970944309927	0.9212713936430318	0.8237866200262353	0.8698060941828255	4.3350711694130535
Davidson et al.	Davidson et al.	83	lstm	19149	128	300	0.2	0.2	[2, 3, 4]	128	100	2	0.6359838709677419	0.7165988083553598	0.8312668922455615	0.7131900802085522	1823.244915664196	0.7163034705407587	0.843520782396088	0.8183111954459203	0.8307247772694438	14.300334172371107
Davidson et al.	Davidson et al.	84	lstm	19149	128	300	0.2	0.2	[2, 3, 4]	128	100	2	0.651758064516129	0.732706536504859	0.8328483181828364	0.7557064838570142	2549.0623079538345	0.744955609362389	0.8444987775061125	0.8461538461538461	0.8453255017131669	6.98931070474478
Davidson et al.	Davidson et al.	85	lstm	19149	128	300	0.2	0.2	[2, 3, 4]	128	100	2	0.683836693548387	0.7691714005819691	0.8368532693296313	0.770738203816286	1622.332723915577	0.8111380145278451	0.9750611246943766	0.8270427208627126	0.8949730700179535	7.176862048797118
Davidson et al.	Davidson et al.	86	lstm	19149	128	300	0.2	0.2	[2, 3, 4]	128	100	2	0.6517479838709678	0.7293697506135307	0.830806672363406	0.7606738247107557	1699.4437898993492	0.7134786117836965	0.7995110024449877	0.8449612403100775	0.8216080402010049	8.298275421827267
Davidson et al.	Davidson et al.	87	lstm	19149	128	300	0.2	0.2	[2, 3, 4]	128	100	2	0.6670120967741936	0.7507743620476358	0.8286434930433225	0.7604050285787128	1729.1816121339798	0.8127522195318806	0.9775061124694376	0.8270583367811336	0.896010757507844	9.426982023777105
Davidson et al.	Davidson et al.	88	lstm	19149	128	300	0.2	0.2	[2, 3, 4]	128	100	2	0.6775	0.7638578477404456	0.8330600773511505	0.781911209639339	1962.4339826703072	0.43866020984665055	0.3823960880195599	0.8593406593406593	0.5292724196277495	12.999524605579865
Davidson et al.	Davidson et al.	89	lstm	19149	128	300	0.2	0.2	[2, 3, 4]	128	100	2	0.6371189516129032	0.7131280273906689	0.8258185495453902	0.7457694446994528	2479.291168808937	0.546408393866021	0.5863080684596577	0.8117806364251862	0.6808631459398069	7.383531301449507
Davidson et al.	Davidson et al.	90	lstm	19149	128	300	0.2	0.2	[2, 3, 4]	128	100	2	0.680125	0.7690924684921611	0.8336640272781447	0.7817625419102056	1833.1224493980408	0.6908797417271993	0.7750611246943765	0.8381808566895822	0.8053861788617885	6.387663508072878
Davidson et al.	Davidson et al.	91	lstm	19149	128	300	0.2	0.2	[2, 3, 4]	128	100	2	0.6749233870967741	0.7676010006229796	0.8275219965094956	0.7850304272549092	1397.4775913059711	0.811541565778854	0.9745721271393643	0.8276578073089701	0.8951268807545475	8.765995591114729
